-3.459797256755166472e+00
2.094217921786326320e-01
-8.811181510354719748e-01
3.234471881323154885e-01
2.318698231360147299e-01
5.942115995639793979e+00
-8.617053526612237224e-01
-1.424962746956853543e+00
-5.320155231394356754e-01
3.690857169453024333e+00
-2.849195820432417481e+00
1.358638014237238956e+00
2.772668612531031584e+00
1.804667522086492171e-02
5.109581552181605701e+00
1.384765412693961917e+00
-4.158089012891173830e+00
-1.745262068885236717e+00
-2.778323295336469823e+00
-1.585626333227354579e+00
