2.854495054088513939e+01 2.391411616709649124e+01 1.540738263805579500e+01 -1.628395494202116112e+01 -1.723465148303927919e+01 2.929258412535552480e+01 -3.478933989029017937e+01 2.578529007511370708e+01 3.160606582735635328e+01 -2.085600806552495001e+01 -3.793963612159009102e+01 -2.022236464753445873e+01 2.783455367027683991e+01 -2.692117441106734432e+01 4.254264512169670098e+01 -2.501187546427269837e+01 3.222927660977673270e+01 -2.729124486974599861e+01 -3.163766832926157591e+01 -4.733041574661960027e+01
-2.559826236735736771e+01 3.839560577544281017e+01 -3.738222751919979459e+01 -2.106283463462067473e+01 -2.136700300426270260e+01 -3.449069692809744936e+01 -3.565418594925090190e+01 -2.940732217362175760e+01 -2.422941153291566252e+01 4.054755761131411873e+01 4.008700546724269032e+01 4.470771086616824164e+01 -3.754973411476314027e+01 3.668982137873820903e+01 -2.981486180302121269e+01 3.948941659120323067e+01 -2.619180109662543643e+01 3.478901431629060426e+01 -1.885927261084619388e+01 3.657699779533210460e+01
-2.847198340278760398e+01 1.465321827128390808e+01 1.435477824409984215e+01 -1.191832026106605547e+01 -1.362118814560563074e+01 -3.665045933203736439e+01 -2.950020694968859303e+01 1.994361619800112706e+01 2.641342568496156673e+01 -2.251306160201892936e+01 2.273054379661786939e+01 4.216747054518646109e+01 1.496522452381347890e+01 -2.451675871024859532e+01 -2.735725198038461770e+01 -2.265727861879118521e+01 1.988842068888194348e+01 -2.434670820383173151e+01 3.005779884744628916e+01 1.975742083514436587e+01
2.389696511967560966e+01 2.240139295994134372e+01 1.648410214417956965e+01 -1.322129891024711412e+01 -1.241589290896558673e+01 -3.200439493406300784e+01 2.257307434395674406e+01 -3.655948501670171424e+01 3.243161726865412930e+01 -1.788699244378961595e+01 -3.042449033457923235e+01 -7.258164810517727439e+00 -3.286906914476610098e+01 -1.733339129327402972e+01 -2.508426339846207753e+01 4.047370451293982541e+01 2.808722882294294365e+01 -2.317074198478063707e+01 -1.910733557151353068e+01 2.580838457735114844e+01
-2.936755819567278181e+01 -3.345758922637791954e+01 2.324003356964000133e+01 3.552738596801142990e+01 3.739423904785146391e+01 1.767630988914971724e+01 2.094237222740100179e+01 1.803718853990646664e+01 -2.632685542172902160e+01 2.763163019222210082e+01 2.862822347764076980e+01 -2.372596734030069499e+01 1.277698139484739492e+01 -3.033945012900734284e+01 2.566026822088249659e+01 -2.948810245139656061e+01 -2.586148234749463981e+01 2.522515049804702869e+01 3.462306195296566358e+01 -3.097790689964577382e+01
2.413613453806874176e+01 -1.518712249077571208e+01 1.400844062561277603e+01 -1.456796593892972602e+01 -1.344915721650409424e+01 1.149189046362611499e+01 2.277445569494669542e+01 1.368696589386926377e+01 -1.508597705913027909e+01 -1.682566379109497845e+01 -1.751944464895129627e+01 -1.243731468614939217e+01 -2.657418168967767258e+01 1.633203500157599564e+01 1.176720567224352010e+01 -1.211447432180379558e+01 2.401778743042087427e+01 -2.174220351787166194e+01 -1.663647753345250635e+01 1.913322483978329558e+01
2.557265651533433726e+01 2.369042567521407960e+01 1.509845394529710916e+01 -1.651628290192441995e+01 -1.761662821204790319e+01 2.648810085184559071e+01 -3.633028512345335770e+01 2.305835149137181261e+01 2.881508392478391301e+01 -2.222505437241994741e+01 3.348261151814309500e+01 -2.089720041695658281e+01 2.092512124914738436e+01 -2.506065389102413477e+01 -3.261472360460211206e+01 -2.508673057774866422e+01 -3.981629934007214189e+01 -2.932595867386748978e+01 3.906394433708656067e+01 2.006837257666741792e+01
-2.237834988041961637e+01 -3.181828509329836052e+01 -3.954437791327661245e+01 3.743492231673956638e+01 3.725762256595715627e+01 1.669157361961834951e+01 2.423071911892547448e+01 -3.253807436461222835e+01 -7.972769084449825350e+00 2.625430228720367509e+01 -3.800502366176096558e+01 3.830218209311271238e+01 2.392956386836534932e+01 2.561848673509456376e+01 2.622412940293479622e+01 3.342104770335321717e+01 -1.714060148634222358e+01 1.837265188970990337e+01 -3.030846679431783031e+01 -3.252908389337315498e+01
2.302094603673664963e+01 -1.407563700908818660e+01 9.044424257920400834e+00 -1.487620550015867416e+01 -1.439779930503669370e+01 -2.138458696876265108e+01 2.208938539756984909e+01 2.096231364793254670e+01 -2.596801999854261567e+01 -2.190482428673014681e+01 2.155190307917551351e+01 -1.997426754764072498e+01 -2.118691637850397314e+01 2.208207771783041906e+01 -1.948642456334987116e+01 -2.030708793587584537e+01 2.503516685120585805e+01 2.290125339259444459e+01 -1.612085451472534103e+01 1.639592893460281431e+01
-1.978522863992383662e+01 -2.914027576247822893e+01 -3.082562891581968501e+01 3.588133042491143243e+01 3.626650405086373752e+01 2.307230537531638603e+01 2.417831137656140328e+01 -2.271669603447521268e+01 -2.019807061840032603e+01 2.811508197223341554e+01 -2.305585839336580634e+01 -2.097891407572317490e+01 1.716664264118341521e+01 2.340073560587027401e+01 2.814996855054080527e+01 2.194146719292847436e+01 -2.026300286667999373e+01 2.448243950592910423e+01 2.906709188483399231e+01 -2.684005920669256895e+01
