9.749310891134051360e+01 2.246956672003768318e+01 6.948974957380016804e+01 3.944540567959639077e+01 9.045519312968784220e+01 4.180977076711604212e+01 7.836112852691516650e+01 4.960122683279695366e+01 4.821207642885151046e+01 1.306245968930441759e+00 2.433635189639449337e+01 5.650284505648058087e+01 3.149337192356970050e+01 2.478182584077796946e+01 8.786679793823797979e+01 8.893161188391177063e+01
2.616190728232533758e+01 9.465155929401217350e+01 5.001009108375187751e+00 6.539219145833485847e+00 7.928818190019322287e+01 4.091747774011913208e+01 8.498562048774670075e+01 4.570212901522761939e+01 8.939405659154854789e+01 4.258683595503703145e+01 4.646242846513401048e+01 2.566830360423945123e+01 9.218014877409859764e+01 2.679578798648354265e+01 2.477823164512665954e+01 9.498133890845113569e+01
7.362353777986929693e+00 9.067729516797231781e+01 8.520780572226234995e+01 4.792209363384161236e+01 7.826625927899615931e+01 2.223942280013123707e+01 4.108017939153959475e+01 8.762861228137653313e+01 3.418896861068764537e+01 3.277424987078450158e+01 3.985801381592335701e+01 8.822230093685465135e+01 6.870017604502677955e+01 7.203079473584719494e+01 7.217207728809829348e+01 6.248947242099337274e+01
5.662090764303719936e+01 1.224219104419422877e+01 8.811603166335082449e+01 8.683213803367183914e+01 1.416827816589524325e+01 4.564515103949538144e+01 3.843875986080686147e+01 6.503003386014111697e+01 2.966209006477114229e+01 8.143953324603177180e+01 2.407047247327059836e+01 1.046041452589365761e+01 6.995266556443482386e+01 5.959496339331194292e+01 8.538209977626671332e+01 8.773367160657733166e+01
5.209915359188127582e+01 3.624676553372840004e+01 2.742974219589117268e+01 4.270398102581471989e+01 7.977347374344179798e+01 9.045381626550110354e+01 8.572852360682932726e+01 8.203460726234172284e+01 5.548084555809013096e+01 2.402494076860745054e+01 8.254402408358451737e+00 7.673327418849332560e+01 3.560959062441865086e+01 2.992661358821376894e+01 2.411893705445570291e+01 9.470306557961980332e+01
9.183830531868369462e+01 6.646036347930504462e+01 5.916124369188426613e+01 6.129506627734497926e+01 7.023716329583960771e+01 1.433187431263409550e+01 1.974804969223200501e+01 6.852605574818851153e+01 7.979952808777551354e+01 5.813774902070444028e+01 8.512079459902849976e+01 1.716204787050381597e+01 2.095064001765720718e+01 2.307292932569136212e+01 2.059744477599076973e+01 2.830517768694357272e+01
2.599338622419216094e+01 7.624117100739088926e+01 5.275990742008254131e+01 9.249960949420007239e+01 1.687016876094335061e+01 6.594160813866842830e+01 1.324343501728517580e+01 6.910948918505417282e+01 5.120843080719817308e+00 8.017381979112468571e+01 2.076348767070282975e+01 5.481010792323709779e+01 2.585034058889768005e-01 9.160799274881568977e+01 4.670930687416089455e+01 6.752475713303984151e+01
7.789021813946006034e+01 9.742900164423701881e+01 7.513265435526584213e+00 2.870702926661474663e+01 4.027766624435056286e+01 9.861031334432259143e+01 5.133853097167752821e+01 7.542354134905093588e+01 1.501954183464396841e+01 3.935992013516865740e+01 5.864890159796403424e+01 7.898147525459103235e+01 4.759159656153899220e+01 8.939833338122585360e+01 8.853660064085300974e+01 2.362648585151097080e+01
9.560219222837153552e+01 1.281147839026608537e+01 2.385190119126192698e+01 6.806736556832211704e+01 6.780682535225504637e+01 2.551389813064509582e+01 5.587194769156273111e+01 1.451767089171572778e+01 7.904434956925646816e+01 5.030598540451447498e+00 4.804343963450661192e+01 4.316577460505358488e+01 4.324193561820691656e+01 3.475598058120754530e+01 3.141359272719074269e+01 3.319857996998250371e+01
9.437528180814562973e+01 4.307943467775919544e+01 7.677979863080031464e+01 8.641950368956599959e+01 9.376239726619124326e+01 9.152070601958584461e+01 8.142245590294211866e+01 6.505197989342387643e+01 9.707136860523623056e+01 6.756034092977010630e+01 2.095267118904332548e+01 1.202482842400650576e+01 7.639859113866830853e+01 4.823651797549308640e+01 7.220410000572591969e+01 3.446737365960007793e+01
