3.420176983510854474e-02
6.077290093243269131e-02
6.971586117354576506e-02
9.098162319080395355e-02
-5.614827795839015534e-03
1.526764410487486123e-01
-1.286398393834073395e-01
-9.172155291209661832e-02
5.016410618747521588e-02
-9.823764816211357637e-03
4.480443037638593556e-02
1.844924988501715074e-02
-1.971800938971894346e-01
-1.829836760449317368e-02
1.498028042812578169e-02
5.955477200744853372e-02
-1.195168557571917173e-01
1.219179441117095447e-01
8.813135386262141565e-04
-6.814211864242845917e-02
-1.243987285985845848e-01
-1.102461372485259716e-01
-7.495232365267258390e-03
2.895007218162192961e-03
6.296591068459297946e-02
-6.143950025149087085e-02
1.088031078694891643e-02
1.005738060070229395e-01
9.612734812967635434e-02
-4.505620821926839548e-02
8.073035260484988374e-02
1.320990109103342344e-02
-6.829551938465526495e-02
-4.698074691120619067e-02
1.065696058761363835e-01
-4.577456760433479960e-02
1.713073014066276989e-02
-7.314633825225176633e-02
-8.531912466134755624e-02
1.449360568703657592e-01
1.538507968381649382e-01
-6.887289937693409463e-03
-2.713980392908211248e-01
2.430923128879908940e-02
-1.486334775260020336e-01
-4.463676946669402346e-02
5.169692728890035172e-02
2.253167729635422237e-02
-1.269081440356949544e-02
-2.962362050638751576e-01
-3.547293499992779792e-02
3.188496889643403776e-02
1.623256510484965831e-01
1.596267985557096869e-02
1.852699038663082123e-02
1.284821803059761625e-01
-6.627980076866109294e-02
7.138589360465227851e-02
-9.482637345611773239e-02
5.768640787844425688e-02
-1.298497516368115334e-01
-5.539527849016941813e-02
-5.401964394729767693e-02
1.162760337851423548e-01
-1.290414530075298036e-02
1.321356498658561064e-02
2.198239977676023083e-01
-1.607438704864390736e-02
-5.990363986964094417e-02
1.290947428024907251e-01
3.713059797431406822e-02
-2.358182598802942287e-02
-3.047068590107560732e-02
-2.664637619745613764e-02
8.754935642767519566e-02
-1.256986702215753815e-01
-6.363746089610881895e-02
-2.057833882490481964e-02
6.838528035731408772e-02
-9.026112802449045777e-03
2.200605403123678805e-01
-1.372877714521664461e-01
-1.254186888418008516e-01
8.908081313308769539e-03
-8.272850116771087586e-03
1.683375935378807545e-02
-6.107723922102266390e-02
1.610316080785297163e-03
-1.472926089943606305e-02
-1.709741674008753987e-01
4.274211068684429654e-02
3.497891311417257454e-02
2.096053884470710366e-02
1.079238651418984452e-01
1.843609958495424223e-02
9.032452915582817043e-02
-9.736538316453588471e-02
-3.261193881784800463e-02
-4.914406557890546590e-02
-2.312300543192898628e-01
1.567214319378374687e-01
-3.166627553319942973e-02
5.660970209837413308e-02
9.476071616882295046e-02
-9.798312331253539176e-02
-8.158129410337665310e-02
-4.443529911826012146e-02
3.656893241914142834e-02
-8.934215298857414722e-02
1.399713203945596451e-01
-1.153945374968966681e-01
5.700746039442333712e-02
-1.918449367735113043e-02
8.231496794738116241e-02
-1.610172347899187228e-01
-2.418788909273939317e-02
-1.082238205772266121e-01
-6.976587778831970510e-02
2.653500816121348235e-02
-6.842304154823578011e-02
-1.027706815460404793e-01
-8.836880138347813496e-02
-2.019674054754103942e-01
4.619982125366683089e-03
9.899778987591770218e-02
5.681283141392115543e-02
-6.601192238250780733e-03
-1.616629187133010181e-01
-4.875063166740602888e-02
-2.604813189642339877e-01
1.325476114668007188e-01
2.596270063318173796e-02
-9.996823596154677527e-02
1.248971846887960840e-01
-1.705434464409847362e-01
-5.869742850888673424e-02
-2.249647288838963963e-02
2.738538643196796948e-02
4.185469626100156437e-02
-5.410162953548799947e-02
-3.244733095227329833e-02
8.265133261817174393e-02
-1.136830155379944252e-01
-1.124149327015234456e-01
-1.447304327827982594e-02
3.703548736024609572e-02
3.747526546283998922e-02
-1.017404493259434217e-01
4.191576589321597407e-02
6.699503602821992032e-02
-1.916582690348413720e-01
-1.187193080938659436e-03
-3.100043840382601425e-03
-4.691299579163028116e-02
1.233692871619731235e-01
-4.737347675432528049e-02
6.781873698128897121e-02
-5.442780089420055228e-02
3.794654237480431930e-02
1.823130049410883954e-02
-8.926072794341717576e-03
1.035813385531534486e-01
8.529977683710690539e-02
8.274593641895533480e-02
-3.992819699741979866e-02
-7.827898356904021415e-02
-8.420478008912628265e-02
7.392885364504321599e-02
-1.908486051476214196e-01
-8.679876939888282739e-02
-2.636726120102709722e-02
-1.076680238835903830e-02
-1.245547700216919212e-01
-1.351904032000959821e-01
-1.749974803012865066e-01
1.489495603804705422e-02
-3.052116896264930879e-01
3.691960023741243380e-02
8.667593215269936424e-02
8.616038188970004397e-02
-2.027360335621795212e-02
-4.789120764932043584e-02
1.083096238799111377e-01
3.044444006936279298e-02
-1.812132651086266477e-01
-1.666309805142010547e-02
-3.995372263156272974e-02
-2.969871551171344645e-02
-1.505836301032368596e-01
1.821682588817727655e-01
-6.469328262819699915e-02
-1.104059152117117665e-01
1.505758719173358462e-01
6.074785248435356222e-02
1.419994163790772312e-01
6.419309002200584979e-02
5.791876193294016699e-03
4.010624890239910395e-02
-2.466433514827293949e-01
1.619891509246084715e-01
1.944578725541260822e-01
5.535459959449625517e-02
6.605396022122929714e-03
-1.428554885904557425e-01
9.248626396479198153e-02
-8.914000334748721499e-02
9.388784665449133315e-02
2.308483682108370960e-01
-1.543466464452780684e-01
-1.440314198938895951e-01
-3.388858033658670270e-03
-4.795801514743402993e-02
-5.228328236759960390e-02
-2.337407859993969605e-01
-7.837724754497135682e-02
5.955157362317779757e-02
3.370696360045460221e-02
5.921868091550919894e-02
1.922555292186762469e-03
-8.031838151756982846e-02
-2.468233055262592512e-01
-3.037614739539136119e-02
1.797559939572190846e-01
-7.220267930761888053e-02
-2.733184328442569283e-02
-1.505478513859130063e-01
4.867578393714942276e-04
5.856820616764663034e-02
-1.085279700715001405e-02
3.429388160817464087e-02
7.388619147936352494e-02
6.788015560488244726e-02
7.219867533277893323e-02
6.830963539196957535e-02
-9.093652624964862485e-02
2.973761487714838680e-03
-1.261996204119905304e-02
4.158864528496574592e-02
8.153522829022000207e-02
1.010067192489699506e-01
-1.079482437480243778e-01
5.321869029817988261e-02
7.927425671876767166e-02
7.291668959340058542e-02
2.459401002918104248e-02
-6.889288318849950965e-02
3.434290924092653352e-02
-1.520739952169067148e-02
-5.789309455073046382e-03
2.022448830648043358e-02
1.235689967879684131e-01
1.410755390546487298e-01
-1.524081573435621118e-01
-4.646764963375798335e-02
5.905730386436592455e-02
1.213092911956675235e-01
